[[0, 410, 63, 456], [58, 408, 147, 458], [140, 413, 222, 469], [219, 400, 317, 477], [320, 423, 468, 493], [551, 444, 753, 538], [1161, 468, 1352, 588]]
[[905, 462, 1127, 568], [1164, 465, 1358, 585]]
[[903, 463, 1128, 569], [1162, 461, 1357, 589]]
[[675, 450, 884, 543], [904, 465, 1129, 569], [1162, 466, 1392, 587]]
[[0, 401, 56, 454], [47, 395, 142, 461], [688, 454, 864, 547], [904, 462, 1124, 572], [1163, 465, 1362, 586]]
[[49, 398, 142, 461], [689, 454, 866, 546], [904, 463, 1123, 571], [1160, 464, 1351, 585]]
[[46, 400, 142, 460], [689, 454, 868, 547], [905, 461, 1122, 571], [1162, 467, 1372, 585]]
[[49, 399, 141, 461], [688, 453, 868, 546], [904, 459, 1123, 570], [1159, 467, 1360, 584]]
[[0, 390, 57, 449], [49, 394, 138, 461], [136, 405, 230, 470], [691, 451, 862, 545], [900, 463, 1130, 571], [1165, 465, 1382, 589]]
[[0, 389, 53, 452], [49, 399, 139, 463], [144, 409, 238, 472], [670, 456, 871, 546], [905, 459, 1127, 568], [1163, 464, 1364, 582]]
[[0, 392, 57, 450], [52, 407, 127, 459], [131, 406, 241, 468], [343, 428, 484, 496], [483, 429, 666, 517], [672, 454, 876, 543], [1161, 465, 1367, 587]]
[[53, 407, 127, 457], [119, 408, 201, 465], [202, 420, 321, 486], [484, 429, 670, 520], [671, 452, 881, 544], [890, 457, 1132, 569], [1164, 467, 1363, 587]]
[[0, 410, 48, 450], [118, 415, 202, 465], [210, 419, 334, 483], [485, 431, 669, 517], [671, 457, 876, 548], [1162, 464, 1358, 584]]
[[0, 405, 46, 453], [120, 409, 202, 468], [209, 416, 326, 481], [484, 427, 668, 523], [672, 454, 883, 547], [1163, 464, 1374, 585]]
[[0, 407, 43, 455], [36, 407, 101, 458], [117, 409, 202, 466], [122, 519, 277, 612], [124, 460, 250, 517], [209, 415, 333, 481], [325, 419, 480, 500], [484, 434, 671, 517], [673, 452, 881, 544], [1161, 461, 1369, 587]]
[[0, 410, 49, 451], [120, 412, 201, 466], [212, 415, 337, 481], [483, 427, 671, 518], [1165, 465, 1361, 581]]
[[0, 408, 48, 453], [117, 411, 202, 467], [208, 414, 314, 478], [894, 466, 1108, 567], [1161, 465, 1364, 584]]
[[0, 406, 42, 453], [46, 404, 122, 459], [893, 468, 1109, 567], [1161, 462, 1367, 587]]
[[0, 405, 44, 451], [45, 405, 119, 456], [892, 464, 1106, 569], [1160, 468, 1348, 583]]
[[0, 404, 43, 453], [47, 403, 120, 456], [891, 468, 1110, 568], [1158, 463, 1370, 585]]
[[0, 410, 47, 451], [44, 406, 119, 455], [104, 410, 198, 466], [892, 468, 1114, 566], [1164, 470, 1352, 589]]
[[0, 405, 42, 454], [45, 405, 120, 457], [106, 410, 200, 466], [891, 466, 1114, 565], [1162, 466, 1356, 587]]
[[0, 409, 44, 453], [47, 407, 118, 453]]
[[0, 408, 44, 451], [43, 413, 331, 579], [893, 470, 1107, 565], [1164, 463, 1358, 587]]
[[110, 391, 187, 461], [184, 412, 283, 472], [1163, 464, 1364, 584]]
[[111, 391, 190, 465], [184, 412, 280, 476], [267, 422, 382, 490], [911, 475, 1096, 568], [1160, 461, 1365, 589]]
[[0, 408, 47, 448], [183, 412, 282, 474], [265, 422, 382, 492], [485, 438, 645, 520], [651, 456, 869, 549], [1165, 465, 1358, 586]]
[[0, 408, 39, 449], [35, 406, 102, 457], [183, 411, 285, 471], [268, 419, 383, 490], [649, 453, 865, 549], [1159, 464, 1368, 585]]
[[0, 432, 52, 480], [26, 417, 85, 460], [187, 412, 279, 477], [265, 420, 382, 491], [649, 460, 867, 548], [1164, 464, 1378, 585]]
[[0, 409, 45, 450], [650, 460, 864, 549], [897, 465, 1119, 567], [1162, 464, 1364, 585]]
[[306, 415, 451, 493], [454, 426, 656, 517], [898, 463, 1115, 569], [1161, 461, 1379, 587]]
[[305, 419, 448, 495], [455, 425, 649, 519], [939, 469, 1120, 563], [1163, 466, 1359, 586]]
[[306, 416, 449, 491], [457, 422, 650, 517], [932, 467, 1115, 570], [1164, 468, 1352, 587]]
[[305, 415, 452, 493], [933, 470, 1118, 566], [1158, 464, 1389, 583]]
[[306, 418, 453, 493], [936, 471, 1118, 566], [1161, 466, 1353, 585]]
[[305, 416, 451, 491], [934, 470, 1117, 568], [1166, 464, 1354, 583]]
[[308, 415, 450, 490], [934, 471, 1121, 569], [1161, 462, 1356, 584]]
[[304, 418, 449, 488], [932, 469, 1119, 570], [1156, 464, 1354, 586]]
[[308, 418, 453, 492], [778, 407, 1045, 565], [1160, 462, 1360, 588]]
[[0, 383, 50, 451], [42, 406, 118, 456], [116, 410, 203, 466], [307, 416, 457, 487], [1160, 463, 1367, 586]]
[[120, 411, 225, 467], [307, 416, 454, 490], [924, 469, 1104, 565], [1163, 463, 1357, 587]]
[[0, 381, 51, 447], [305, 420, 452, 489], [923, 470, 1100, 568], [1164, 463, 1361, 589]]
[[0, 0, 0, 0], [91, 410, 184, 462], [304, 419, 452, 490], [926, 468, 1102, 567], [1162, 463, 1354, 584]]
[[36, 408, 109, 461], [100, 406, 185, 461], [199, 414, 303, 476], [308, 417, 453, 490], [1163, 466, 1368, 585]]
[[199, 411, 306, 478], [305, 416, 453, 490], [1160, 466, 1346, 552]]
[[197, 413, 304, 476], [305, 415, 449, 491], [1161, 466, 1362, 585]]
[[200, 413, 301, 479], [306, 417, 454, 492], [1160, 465, 1376, 585]]
[[198, 412, 305, 479], [305, 414, 450, 492], [693, 455, 864, 545], [1159, 466, 1349, 587]]
[[197, 410, 304, 476], [307, 413, 450, 488], [694, 453, 866, 545], [1159, 464, 1359, 583]]
[[200, 415, 303, 478], [305, 415, 452, 490], [824, 465, 1005, 559], [1161, 465, 1347, 584]]
[[201, 413, 303, 475], [308, 415, 450, 490], [821, 463, 1004, 560], [1162, 466, 1352, 587]]
[[0, 375, 88, 454], [198, 410, 307, 480], [305, 413, 450, 492], [822, 467, 1000, 559], [1161, 464, 1352, 588]]
[[0, 373, 85, 456], [306, 418, 454, 489], [819, 465, 1003, 559], [1161, 465, 1356, 585]]
[[0, 375, 85, 455], [306, 414, 449, 492], [461, 420, 638, 510], [1161, 464, 1355, 585]]
[[0, 374, 84, 454], [305, 416, 451, 491], [461, 416, 643, 509], [1162, 458, 1385, 590]]
[[0, 373, 90, 453], [305, 415, 453, 489], [480, 430, 662, 511], [1161, 462, 1367, 587]]
[[310, 415, 451, 490], [900, 461, 1142, 567], [1167, 462, 1363, 583]]
[[0, 401, 47, 450], [52, 405, 130, 455], [186, 412, 290, 473], [306, 417, 455, 490], [1161, 463, 1352, 585]]
[[0, 404, 45, 455], [54, 406, 121, 458], [107, 409, 190, 464], [305, 415, 452, 491], [1163, 464, 1354, 583]]
[[0, 406, 46, 455], [305, 414, 449, 495], [651, 447, 818, 533], [888, 457, 1131, 566], [1164, 462, 1363, 585]]
[[0, 404, 43, 450], [304, 416, 451, 493], [648, 446, 820, 535], [886, 455, 1127, 565], [1162, 461, 1359, 586]]
[[0, 406, 46, 451], [307, 416, 452, 490], [653, 447, 817, 538], [889, 459, 1129, 564], [1163, 463, 1362, 587]]
[[0, 407, 45, 449], [310, 415, 448, 491], [459, 427, 643, 513], [889, 461, 1131, 566], [1164, 468, 1362, 584]]
[[0, 403, 43, 450], [307, 417, 449, 491], [460, 428, 641, 513], [891, 458, 1129, 567], [1164, 466, 1352, 584]]
[[308, 417, 450, 492], [459, 429, 642, 515], [889, 461, 1134, 566], [1164, 467, 1352, 582]]
[[0, 405, 46, 453], [306, 416, 451, 489], [460, 429, 636, 515], [891, 458, 1130, 561], [1162, 465, 1355, 583]]
[[0, 403, 45, 449], [309, 415, 452, 490], [460, 430, 641, 514], [890, 461, 1122, 565], [1159, 466, 1364, 583]]
[[275, 425, 389, 494], [578, 475, 757, 579], [885, 456, 1129, 564], [1165, 468, 1370, 584]]
[[116, 408, 200, 465], [392, 426, 547, 500], [777, 453, 1007, 558], [1161, 467, 1347, 585]]
[[0, 406, 52, 455], [39, 406, 111, 457], [110, 406, 190, 466], [180, 411, 303, 476], [392, 429, 548, 503], [1165, 461, 1352, 585]]
[[0, 407, 59, 453], [51, 406, 122, 456], [112, 411, 190, 468], [182, 413, 305, 479], [309, 425, 451, 495], [692, 454, 855, 543], [902, 462, 1142, 570], [1164, 465, 1372, 583]]
[[0, 408, 59, 454], [50, 408, 122, 456], [111, 410, 193, 464], [184, 415, 308, 477], [294, 424, 414, 493], [651, 443, 859, 541], [906, 460, 1145, 569], [1166, 467, 1365, 585]]
[[0, 409, 61, 456], [54, 407, 122, 454], [189, 410, 314, 480], [318, 423, 460, 497], [651, 442, 858, 543], [904, 464, 1142, 568], [1163, 465, 1380, 581]]
[[125, 408, 222, 465], [652, 418, 925, 545], [1164, 462, 1359, 583]]
[[675, 439, 899, 545], [917, 468, 1128, 568], [1164, 464, 1355, 586]]
[[699, 452, 873, 543], [916, 467, 1128, 569], [1167, 464, 1373, 585]]
[[0, 394, 46, 451], [48, 407, 125, 457], [699, 456, 876, 543], [914, 470, 1126, 569], [1167, 467, 1363, 585]]
[[0, 394, 45, 448], [47, 408, 130, 458], [131, 405, 220, 467], [698, 455, 873, 544], [914, 469, 1129, 567], [1167, 466, 1356, 585]]
[[0, 392, 47, 449], [47, 405, 129, 458], [699, 458, 873, 543], [915, 467, 1129, 565], [1170, 464, 1354, 585]]
[[0, 395, 46, 452], [49, 406, 128, 456], [698, 450, 875, 545], [914, 471, 1128, 567], [1169, 468, 1349, 583]]
[[0, 392, 47, 451], [48, 409, 123, 456], [119, 391, 197, 462], [700, 456, 872, 544], [918, 466, 1125, 566], [1165, 466, 1356, 587]]
[[0, 394, 47, 452], [121, 390, 198, 463], [206, 388, 370, 485], [698, 452, 874, 542], [914, 470, 1130, 564], [1165, 463, 1356, 583]]
[[0, 391, 40, 452], [40, 398, 127, 456], [118, 391, 198, 462], [185, 400, 326, 479], [505, 435, 685, 523], [699, 454, 873, 534], [1164, 463, 1354, 585]]
[[118, 389, 200, 465], [194, 411, 294, 475], [502, 439, 688, 523], [700, 458, 877, 543], [1164, 467, 1384, 583]]
[[53, 407, 126, 460], [124, 391, 198, 464], [190, 418, 289, 475], [274, 422, 394, 493], [504, 439, 687, 519], [698, 451, 874, 546], [886, 459, 1095, 562], [1166, 465, 1350, 583]]
[[52, 409, 136, 457], [193, 413, 292, 473], [275, 424, 394, 492], [504, 441, 684, 519], [697, 458, 873, 541], [1162, 465, 1356, 583]]
[[52, 408, 135, 457], [194, 413, 292, 475], [275, 424, 393, 489], [505, 440, 686, 524], [699, 454, 875, 542], [1163, 461, 1360, 585]]
[[0, 411, 40, 452], [53, 390, 151, 458], [190, 415, 293, 474], [275, 421, 394, 492], [517, 436, 697, 522], [697, 455, 875, 541], [901, 462, 1140, 573]]
[[52, 390, 150, 458], [273, 423, 391, 493], [699, 454, 873, 544], [902, 462, 1140, 577]]
[[0, 405, 52, 449], [55, 387, 149, 457], [700, 455, 871, 542], [900, 463, 1139, 576]]
[[0, 408, 51, 450], [54, 390, 145, 458], [147, 400, 251, 470], [699, 454, 873, 542], [903, 462, 1141, 572], [1181, 484, 1343, 581]]
[[0, 405, 53, 454], [54, 390, 147, 458], [145, 403, 256, 470], [255, 417, 383, 485], [696, 458, 876, 544], [901, 465, 1144, 571], [1180, 495, 1343, 583]]
[[0, 408, 53, 448], [54, 392, 146, 460], [142, 402, 255, 471], [253, 420, 386, 486], [696, 452, 873, 547], [901, 464, 1139, 570], [1178, 488, 1348, 585]]
[[0, 408, 51, 450], [53, 388, 145, 459], [143, 401, 255, 469], [254, 415, 385, 485], [700, 457, 872, 540], [902, 463, 1144, 575], [1178, 495, 1349, 582]]
[[0, 407, 52, 451], [54, 389, 149, 458], [254, 418, 384, 482], [395, 383, 597, 502], [697, 458, 874, 542], [900, 464, 1142, 572], [1176, 497, 1352, 578]]
[[53, 394, 148, 459], [147, 391, 231, 463], [255, 417, 385, 485], [395, 388, 596, 509], [902, 464, 1141, 573], [1179, 486, 1349, 583]]
[[13, 409, 58, 456], [54, 390, 149, 458], [145, 389, 231, 462], [254, 420, 385, 484], [394, 385, 595, 510], [899, 462, 1144, 573]]
[[56, 391, 147, 456], [145, 389, 227, 460], [254, 419, 384, 484], [700, 452, 869, 536], [900, 465, 1141, 569]]
[[5, 408, 59, 455], [55, 391, 144, 458], [144, 388, 230, 463], [253, 417, 385, 488], [378, 429, 532, 502], [525, 436, 673, 516], [698, 453, 872, 540], [902, 464, 1141, 575], [1230, 486, 1351, 582]]
[[8, 405, 60, 455], [56, 392, 147, 459], [145, 391, 228, 461], [254, 416, 387, 488], [377, 426, 532, 501], [523, 439, 677, 515], [903, 465, 1142, 575], [1232, 487, 1360, 582]]
[[7, 408, 62, 454], [52, 391, 152, 458], [138, 403, 268, 465], [255, 420, 387, 483], [528, 438, 678, 516], [681, 457, 889, 543], [903, 460, 1141, 578], [1202, 473, 1331, 582]]
[[7, 407, 60, 456], [53, 391, 148, 459], [137, 401, 266, 468], [253, 417, 385, 482], [527, 439, 679, 517], [680, 457, 887, 542], [902, 459, 1143, 575]]
[[52, 391, 146, 458], [163, 411, 259, 468], [255, 415, 388, 486], [667, 454, 880, 541], [903, 463, 1141, 574]]
[[54, 390, 149, 459], [162, 408, 256, 474], [255, 417, 386, 486], [484, 435, 658, 514], [671, 458, 878, 541], [902, 461, 1143, 571]]
[[54, 390, 151, 458], [164, 410, 261, 471], [255, 418, 386, 483], [483, 435, 659, 514], [669, 457, 880, 541], [1177, 470, 1354, 583]]
[[51, 390, 150, 459], [166, 409, 261, 468], [256, 419, 384, 483], [483, 436, 658, 516], [673, 438, 886, 541], [1176, 476, 1365, 582]]
[[54, 390, 145, 460], [166, 414, 256, 472], [256, 418, 387, 484], [479, 434, 658, 519], [678, 440, 888, 541], [1178, 474, 1349, 586]]
[[54, 391, 150, 459], [165, 410, 261, 472], [255, 417, 386, 485], [481, 434, 661, 517], [676, 439, 886, 542], [1177, 476, 1362, 585]]
[[55, 388, 149, 458], [165, 412, 258, 471], [253, 418, 385, 485], [481, 435, 660, 517], [676, 441, 887, 542], [1176, 473, 1354, 583]]
[[54, 389, 152, 457], [166, 412, 261, 470], [253, 416, 383, 486], [480, 434, 659, 515], [1176, 473, 1352, 584]]
[[55, 392, 151, 458], [254, 419, 385, 484], [588, 392, 835, 537], [896, 458, 1129, 570], [1173, 465, 1376, 583]]
[[0, 409, 61, 453], [56, 390, 152, 458], [141, 413, 229, 471], [253, 420, 385, 486], [653, 442, 884, 544], [897, 464, 1127, 570], [1174, 468, 1382, 585]]
[[0, 402, 68, 456], [53, 393, 150, 460], [149, 411, 239, 468], [252, 418, 383, 485], [378, 415, 541, 501], [611, 412, 870, 544], [931, 473, 1156, 574]]
[[51, 390, 151, 461], [252, 417, 384, 483], [374, 416, 541, 498], [713, 460, 918, 548], [934, 480, 1157, 574], [1182, 472, 1351, 580]]
[[2, 405, 56, 452], [53, 389, 147, 461], [134, 409, 225, 466], [243, 417, 372, 481], [375, 418, 541, 499], [934, 478, 1157, 570], [1183, 470, 1356, 581]]
[[4, 408, 63, 448], [134, 411, 224, 466], [242, 416, 374, 482], [376, 417, 546, 501], [935, 476, 1156, 571]]
[[4, 405, 63, 451], [137, 410, 224, 466], [241, 415, 373, 482], [358, 415, 519, 496], [722, 459, 901, 545], [1184, 471, 1358, 582]]
[[243, 415, 374, 481], [724, 458, 899, 550], [1184, 470, 1362, 579]]
[[127, 398, 248, 465], [246, 416, 371, 485], [491, 424, 676, 512], [722, 457, 899, 548], [1182, 467, 1356, 583]]
[[129, 398, 251, 466], [243, 416, 374, 483], [491, 424, 679, 517], [723, 458, 897, 548], [1181, 467, 1354, 581]]
[[131, 398, 249, 468], [246, 415, 373, 480], [722, 459, 900, 549], [1180, 471, 1371, 580]]
[[130, 397, 250, 464], [245, 417, 374, 479], [723, 459, 899, 551], [1179, 472, 1351, 582]]
[[129, 395, 253, 464], [246, 414, 376, 480], [724, 459, 899, 551], [1180, 467, 1364, 581]]
[[130, 398, 251, 467], [242, 415, 374, 484], [722, 457, 901, 548], [1181, 468, 1353, 582]]
[[31, 390, 92, 452], [128, 397, 250, 469], [242, 413, 375, 479], [548, 441, 708, 521], [1185, 466, 1352, 580]]
[[30, 392, 93, 451], [243, 416, 374, 482], [546, 443, 707, 524], [1185, 466, 1347, 581]]
[[31, 390, 96, 451], [85, 409, 159, 458], [148, 409, 240, 463], [242, 415, 374, 481], [548, 441, 705, 522], [715, 453, 882, 540], [912, 456, 1168, 568], [1180, 470, 1352, 580]]
[[29, 390, 94, 454], [243, 416, 373, 480], [714, 453, 878, 538], [920, 469, 1093, 561]]
[[17, 408, 78, 457], [73, 404, 167, 461], [158, 412, 254, 467], [244, 417, 370, 482], [364, 418, 530, 501], [713, 453, 880, 542]]
[[76, 402, 165, 460], [159, 409, 252, 468], [246, 415, 375, 482], [385, 426, 531, 500], [714, 453, 880, 540]]
[[73, 402, 166, 459], [158, 411, 255, 468], [242, 415, 371, 483], [717, 454, 881, 536]]
[[72, 399, 162, 464], [159, 410, 254, 467], [240, 414, 373, 483], [413, 429, 559, 505]]
[[40, 404, 111, 455], [158, 409, 251, 470], [242, 415, 376, 480], [1209, 479, 1351, 579]]
[[41, 405, 108, 455], [159, 405, 256, 473], [381, 402, 566, 505]]
[[42, 404, 110, 453], [159, 409, 250, 467], [383, 406, 567, 504], [585, 445, 782, 531]]
[[40, 404, 110, 454], [159, 407, 255, 468], [382, 403, 569, 503], [583, 439, 783, 531]]
[[41, 405, 111, 453], [159, 408, 256, 467], [384, 403, 567, 504], [585, 444, 783, 532]]
[[43, 404, 108, 452], [160, 410, 253, 468], [383, 404, 568, 506], [585, 443, 781, 531]]
[[51, 420, 132, 474], [381, 405, 567, 503], [584, 446, 780, 531]]
[[383, 409, 568, 502], [583, 444, 785, 532], [808, 457, 1024, 557], [1180, 434, 1369, 603]]
[[39, 407, 101, 455], [93, 411, 171, 465], [264, 418, 374, 486], [384, 405, 567, 504], [585, 443, 781, 533], [808, 456, 1029, 562], [1072, 472, 1273, 576]]
[[32, 408, 100, 456], [586, 443, 784, 533]]
[[34, 406, 99, 453], [103, 408, 181, 463], [182, 413, 292, 472], [585, 444, 784, 532], [1141, 489, 1361, 610]]
[[31, 408, 98, 455], [103, 409, 182, 463], [180, 411, 292, 473], [584, 444, 783, 534], [1174, 423, 1353, 576]]
[[84, 407, 168, 459], [159, 412, 249, 471], [245, 418, 357, 483], [585, 445, 782, 534]]
[[244, 418, 356, 483], [584, 446, 782, 532], [936, 472, 1150, 572]]
[[245, 417, 356, 482], [584, 444, 782, 533]]
[[241, 419, 357, 482], [585, 446, 783, 530]]
[[243, 417, 360, 485], [584, 443, 784, 534], [810, 465, 1032, 560], [1067, 469, 1293, 582]]
[[19, 397, 101, 452], [245, 416, 357, 484], [587, 442, 783, 535], [810, 464, 1037, 561], [1072, 469, 1292, 581]]
[[18, 397, 97, 455], [244, 416, 357, 483], [586, 444, 782, 532], [811, 465, 1034, 560], [1069, 467, 1297, 578]]
[[242, 416, 360, 482], [585, 444, 782, 531], [810, 465, 1036, 562], [1069, 468, 1293, 584]]
[[15, 376, 102, 453], [243, 417, 359, 482], [585, 442, 783, 533], [812, 461, 1033, 562], [1069, 464, 1294, 582]]
[[15, 375, 104, 453], [809, 465, 1032, 561], [1071, 471, 1294, 582]]
[[15, 375, 105, 452]]
[[15, 375, 105, 451], [101, 412, 180, 464]]
[[17, 373, 103, 452], [183, 414, 300, 480], [305, 423, 446, 488]]
[[182, 417, 302, 480], [304, 422, 446, 488], [452, 433, 608, 509]]
[[19, 407, 83, 454], [305, 422, 444, 490]]
[[303, 424, 447, 489], [496, 438, 654, 521]]
[[1002, 479, 1177, 575]]
[]
[]
[]
[[20, 397, 104, 454]]
[[22, 396, 105, 453]]
[[26, 397, 101, 453], [98, 371, 213, 463]]
[[23, 395, 104, 454], [98, 370, 214, 461], [205, 394, 303, 472]]
[[25, 398, 100, 453], [97, 371, 216, 459], [205, 393, 303, 473], [295, 391, 475, 498], [613, 540, 881, 676], [788, 406, 1061, 565], [1148, 467, 1346, 578]]
[[23, 398, 103, 453], [101, 370, 215, 459], [205, 393, 305, 470], [294, 392, 479, 498], [478, 439, 621, 516], [640, 451, 805, 540], [948, 473, 1121, 564], [1151, 472, 1345, 579]]
[[24, 399, 102, 455], [98, 370, 212, 461], [203, 390, 300, 473], [284, 391, 465, 496], [474, 438, 625, 513], [710, 451, 920, 548], [952, 471, 1122, 564]]
[[22, 396, 103, 454], [204, 390, 302, 471], [308, 423, 455, 494], [950, 472, 1121, 565], [1208, 487, 1356, 584]]
[[22, 396, 102, 454], [108, 406, 197, 461], [181, 413, 271, 475], [306, 421, 457, 495], [696, 459, 869, 553], [948, 473, 1122, 565], [1208, 491, 1347, 585]]
[[20, 398, 102, 454], [182, 413, 277, 474], [308, 425, 456, 493], [550, 434, 666, 526], [696, 463, 873, 553], [950, 474, 1121, 562], [1208, 484, 1352, 585]]
[[20, 397, 103, 453], [925, 460, 1163, 575], [1207, 483, 1360, 583]]
[[925, 462, 1167, 569], [1211, 486, 1349, 585]]
[[0, 0, 0, 0], [698, 445, 910, 543], [925, 462, 1165, 571], [1212, 483, 1353, 581]]
[[707, 446, 913, 542], [930, 462, 1164, 571], [1210, 484, 1369, 584]]
[[8, 398, 86, 453], [699, 445, 910, 546], [932, 462, 1166, 571], [1206, 478, 1354, 583]]
[[5, 400, 85, 453], [699, 443, 912, 544], [929, 461, 1168, 573], [1206, 487, 1367, 585]]
[[4, 399, 83, 453], [698, 446, 909, 542], [926, 462, 1165, 569], [1204, 485, 1372, 584]]
[[5, 398, 83, 452], [697, 443, 910, 541], [929, 462, 1168, 561], [1211, 487, 1354, 585]]
[[8, 398, 83, 453], [58, 465, 189, 553], [81, 383, 194, 463], [195, 417, 308, 478], [695, 441, 909, 545], [927, 460, 1162, 571]]
[[79, 385, 192, 460], [196, 416, 308, 480], [302, 422, 420, 491], [484, 441, 667, 514], [687, 439, 913, 549], [924, 461, 1163, 574]]
[[5, 400, 83, 453], [301, 423, 421, 494], [927, 462, 1168, 570]]
[[22, 404, 91, 452], [77, 408, 162, 460], [166, 404, 285, 470], [277, 418, 416, 488], [677, 451, 862, 547]]
[[21, 402, 87, 452], [75, 406, 163, 461], [157, 411, 263, 470], [275, 416, 419, 490], [676, 455, 865, 549]]
[[25, 424, 93, 470], [82, 408, 161, 457], [157, 415, 263, 470], [275, 418, 416, 491], [414, 434, 555, 510]]
[[22, 404, 88, 451], [159, 412, 264, 471]]
[[23, 405, 89, 451], [88, 387, 193, 456], [1183, 476, 1355, 571]]
[[21, 405, 87, 456], [88, 390, 185, 458], [175, 393, 306, 469], [1182, 476, 1346, 574]]
[[21, 405, 91, 452], [87, 389, 188, 461], [178, 392, 304, 470], [1184, 479, 1410, 572]]
[[22, 405, 88, 452], [88, 391, 186, 458], [178, 393, 304, 472], [302, 422, 439, 490], [1184, 483, 1355, 575]]
[[23, 404, 90, 452], [87, 388, 187, 456], [177, 390, 306, 471], [298, 422, 440, 488], [1182, 479, 1345, 574]]
[[23, 406, 88, 452], [85, 387, 189, 459], [177, 392, 305, 471], [299, 421, 439, 489], [1187, 478, 1352, 575]]
[[21, 403, 90, 452], [87, 387, 187, 457], [178, 391, 304, 471], [300, 422, 440, 487], [1182, 483, 1354, 574]]
[[24, 405, 88, 451], [87, 388, 186, 458], [176, 393, 308, 472], [1186, 476, 1368, 573]]
[[88, 388, 190, 459], [179, 391, 305, 472], [297, 420, 424, 487], [923, 465, 1159, 567]]
[]
[[0, 408, 50, 451], [46, 405, 95, 452], [87, 387, 190, 460], [176, 394, 304, 470], [295, 420, 423, 489], [493, 429, 670, 514], [717, 453, 883, 544], [921, 463, 1161, 565]]
[[0, 409, 48, 448], [51, 404, 110, 451], [175, 391, 307, 471], [493, 424, 675, 514], [714, 457, 880, 544], [926, 471, 1103, 567], [1179, 471, 1356, 581]]
[[0, 405, 49, 449], [46, 405, 112, 449], [175, 392, 306, 471], [299, 423, 437, 492], [713, 452, 881, 544], [1080, 524, 1316, 635]]
[[0, 407, 52, 450], [101, 407, 180, 458], [180, 390, 307, 469], [293, 411, 445, 496], [716, 451, 882, 547], [899, 469, 1126, 574], [1182, 469, 1360, 585]]
[[103, 405, 180, 456], [180, 406, 285, 473], [277, 408, 445, 490], [464, 428, 638, 510], [897, 474, 1126, 572], [1178, 471, 1370, 586]]
[[105, 403, 185, 458], [178, 401, 286, 473], [277, 405, 445, 492], [466, 429, 636, 508], [641, 446, 836, 530], [898, 475, 1127, 574]]
[[103, 403, 186, 458], [466, 431, 635, 508], [641, 447, 835, 531], [902, 472, 1126, 574], [1172, 479, 1352, 579]]
[[103, 407, 184, 458], [175, 411, 285, 473], [465, 431, 635, 507], [638, 446, 835, 529], [900, 473, 1126, 571], [1175, 480, 1352, 577]]
[[106, 405, 183, 458], [176, 411, 285, 473], [463, 429, 639, 512], [899, 474, 1124, 573], [1172, 485, 1356, 578]]
[[104, 406, 184, 455], [177, 410, 288, 472], [466, 431, 634, 509], [899, 473, 1123, 570], [1171, 475, 1358, 578]]
[[105, 404, 186, 458], [174, 405, 289, 472], [465, 426, 639, 511], [897, 472, 1125, 571], [1172, 475, 1373, 575]]
[[14, 388, 73, 448], [105, 404, 184, 456], [176, 411, 287, 472], [464, 430, 638, 509], [676, 452, 872, 537], [900, 471, 1128, 574], [1173, 473, 1352, 579]]
[[12, 390, 74, 450], [73, 407, 166, 461], [175, 412, 287, 470], [673, 449, 870, 537], [900, 472, 1125, 571], [1172, 468, 1362, 580]]
[[13, 392, 75, 450], [74, 408, 168, 460], [175, 409, 286, 472], [282, 421, 399, 486], [673, 450, 871, 536], [900, 474, 1127, 572]]
[[12, 391, 72, 450], [70, 407, 154, 458], [174, 410, 286, 471], [285, 421, 400, 485], [512, 437, 664, 514], [677, 452, 871, 535], [902, 473, 1126, 575], [1170, 501, 1333, 596]]
[[12, 390, 76, 451], [71, 407, 151, 455], [175, 412, 285, 470], [282, 423, 394, 485], [514, 438, 664, 513], [674, 454, 868, 537], [900, 476, 1128, 574]]
[[73, 409, 151, 457], [190, 437, 299, 503], [287, 421, 392, 487], [513, 441, 662, 511], [673, 450, 871, 538], [901, 471, 1128, 573]]
[[23, 442, 96, 497], [69, 406, 150, 457], [175, 411, 286, 470], [282, 420, 391, 484], [408, 560, 649, 696], [561, 441, 732, 523], [899, 473, 1126, 572], [1226, 489, 1360, 586]]
[[176, 412, 285, 473], [281, 422, 393, 488], [903, 472, 1127, 575]]
[[175, 410, 287, 470], [280, 419, 397, 488]]
[[174, 411, 288, 471], [279, 420, 398, 487], [410, 428, 546, 500], [1176, 469, 1348, 584]]
[[174, 412, 289, 471], [280, 418, 397, 488], [409, 428, 546, 502], [1171, 469, 1366, 585]]
[[9, 400, 87, 454], [173, 410, 287, 471], [281, 420, 401, 487], [409, 429, 547, 503]]
[[8, 399, 86, 455], [174, 409, 288, 471], [282, 417, 395, 487], [409, 427, 544, 505], [1171, 480, 1365, 581]]
[[9, 399, 89, 454], [176, 412, 286, 470], [281, 419, 398, 489], [409, 429, 548, 504], [1174, 475, 1356, 585]]
[[0, 0, 0, 0], [11, 397, 84, 454], [176, 411, 287, 471], [280, 418, 397, 486], [409, 427, 546, 501], [570, 395, 813, 530], [1171, 478, 1362, 585]]
[[16, 374, 106, 453], [176, 408, 286, 471], [281, 420, 401, 486], [408, 427, 545, 503], [553, 442, 743, 525], [798, 424, 1076, 568], [1171, 471, 1352, 585]]
[[18, 376, 104, 453], [99, 406, 189, 461], [174, 410, 286, 471], [289, 418, 430, 486], [556, 443, 741, 526], [1175, 471, 1360, 583]]
[[15, 375, 105, 449], [108, 409, 184, 460], [174, 408, 287, 472], [290, 420, 428, 487], [922, 476, 1147, 570], [1172, 471, 1385, 585]]
[[17, 376, 99, 451], [65, 423, 142, 476], [727, 458, 897, 544], [926, 471, 1124, 565], [1149, 469, 1359, 582]]
[[25, 407, 103, 452], [98, 415, 192, 463], [280, 419, 395, 487], [409, 491, 593, 593], [726, 457, 900, 542], [926, 471, 1126, 566], [1149, 469, 1353, 583]]
[[24, 408, 101, 453], [97, 410, 192, 464], [280, 420, 396, 485], [365, 474, 532, 571], [1148, 474, 1362, 587]]
[[22, 404, 101, 451], [101, 408, 192, 466], [192, 412, 292, 475], [280, 421, 397, 485], [407, 432, 568, 509], [1147, 470, 1360, 586]]
[[190, 415, 295, 474], [279, 418, 393, 486], [882, 465, 1107, 565], [1148, 469, 1358, 584]]
[[191, 416, 288, 475], [280, 420, 393, 484], [316, 454, 455, 532], [881, 466, 1106, 564], [1148, 469, 1366, 585]]
[[190, 411, 295, 475], [883, 467, 1110, 566], [1148, 471, 1357, 584]]
[[188, 414, 295, 474], [880, 466, 1106, 565], [1152, 475, 1371, 583]]
[[192, 410, 293, 473], [884, 464, 1104, 564], [1152, 472, 1352, 584]]
[[192, 413, 298, 475], [882, 468, 1105, 565], [1148, 475, 1360, 586]]
[[9, 373, 95, 453], [194, 411, 293, 477], [880, 468, 1104, 569], [1149, 474, 1351, 584]]
[[8, 373, 96, 452], [191, 412, 297, 475], [880, 468, 1104, 567], [1146, 475, 1354, 582]]
[[6, 375, 97, 453], [880, 461, 1111, 563], [1150, 470, 1349, 582]]
[[10, 368, 92, 452], [122, 349, 441, 494], [880, 464, 1108, 562]]
[[8, 374, 96, 451], [219, 386, 382, 482], [882, 466, 1109, 566]]
[[11, 376, 95, 451], [91, 401, 180, 463], [882, 464, 1109, 564]]
[[180, 414, 282, 472], [880, 468, 1107, 563], [1128, 422, 1356, 570]]
[[97, 409, 190, 460], [180, 411, 281, 471], [883, 465, 1103, 565]]
[[0, 397, 65, 448], [180, 408, 283, 473], [631, 448, 846, 536], [881, 464, 1106, 568], [1131, 470, 1356, 582]]
[[0, 398, 66, 450], [178, 412, 281, 471], [280, 419, 396, 486], [410, 421, 577, 505], [881, 466, 1107, 566], [1128, 465, 1346, 580]]
[[180, 410, 281, 472], [282, 421, 393, 482], [413, 422, 574, 486], [886, 470, 1104, 553], [1131, 473, 1356, 581]]
[[179, 412, 278, 472], [280, 419, 398, 486], [410, 415, 579, 505], [590, 439, 753, 524], [884, 467, 1103, 566], [1130, 472, 1352, 578]]
[[0, 400, 64, 453], [182, 411, 278, 470], [277, 421, 396, 484], [408, 420, 577, 507], [590, 443, 752, 527], [881, 467, 1103, 564], [1131, 471, 1351, 583]]
[[0, 398, 66, 452], [184, 409, 280, 473], [280, 420, 397, 485], [410, 418, 578, 508], [591, 440, 751, 527], [883, 468, 1107, 565], [1134, 471, 1372, 581]]
[[0, 396, 67, 449], [183, 409, 281, 472], [280, 418, 398, 486], [411, 418, 577, 504], [589, 438, 751, 529], [883, 464, 1107, 565], [1134, 477, 1352, 579]]
[[0, 396, 66, 451], [57, 368, 163, 456], [181, 413, 280, 472], [278, 418, 396, 488], [410, 418, 581, 508], [590, 437, 752, 529], [880, 466, 1107, 566], [1132, 468, 1355, 579]]
[[0, 401, 60, 451], [57, 371, 165, 455], [277, 419, 393, 487], [588, 444, 752, 527], [881, 467, 1105, 565], [1131, 469, 1348, 581]]
[[0, 399, 63, 450], [58, 369, 167, 456], [587, 442, 754, 526], [882, 468, 1106, 565], [1132, 468, 1347, 581]]
[[0, 398, 60, 453], [56, 368, 163, 457], [235, 413, 355, 483], [883, 470, 1104, 565], [1132, 470, 1347, 580]]
[[0, 398, 61, 452], [58, 369, 158, 456], [134, 412, 234, 469], [233, 414, 349, 480], [344, 417, 485, 494], [886, 466, 1105, 566], [1133, 469, 1345, 583]]
[[0, 407, 69, 450], [136, 412, 235, 470], [236, 416, 354, 482], [346, 417, 481, 496], [878, 468, 1108, 563], [1132, 472, 1356, 581]]
[[2, 404, 64, 447], [66, 402, 139, 454], [133, 404, 197, 463], [236, 414, 352, 477], [882, 468, 1105, 566]]
[[5, 405, 59, 449], [54, 383, 157, 460], [634, 449, 824, 543], [882, 471, 1103, 565], [1126, 467, 1339, 578]]
[[4, 404, 63, 449], [57, 378, 165, 460], [882, 464, 1105, 564]]
[[0, 404, 60, 449], [58, 380, 161, 457], [157, 409, 243, 465], [1127, 466, 1338, 577]]
[[2, 407, 63, 449], [59, 380, 159, 456], [155, 409, 244, 468], [890, 469, 1075, 563], [1125, 466, 1338, 580]]
[[4, 404, 61, 447], [57, 379, 162, 459], [155, 411, 244, 468], [654, 454, 861, 542], [889, 465, 1075, 564], [1124, 470, 1339, 578]]
